0.045907020568847656
0.045327186584472656
0.05103898048400879
0.035314321517944336
0.04104757308959961
0.05493569374084473
0.0467832088470459
0.03289532661437988
0.041217803955078125
0.04741382598876953
0.03933215141296387
0.04214215278625488
0.04085969924926758
0.032837867736816406
0.040827274322509766
0.040434837341308594
0.04181694984436035
0.041169166564941406
0.04040217399597168
0.03769040107727051
0.03915667533874512
0.03893280029296875
0.043396711349487305
0.038995981216430664
0.04868197441101074
0.03805661201477051
0.03827500343322754
0.04553341865539551
0.038787841796875
0.043407440185546875
0.04033493995666504
0.03305482864379883
0.04086780548095703
0.040479183197021484
0.04152941703796387
0.03815913200378418
0.040198564529418945
0.03491997718811035
0.040871381759643555
0.037831783294677734
0.040662527084350586
0.04018568992614746
0.03916358947753906
0.031527042388916016
0.03755593299865723
0.04169416427612305
0.035201311111450195
0.052015066146850586
0.03626656532287598
0.044439077377319336
0.03403806686401367
0.04119443893432617
0.034698486328125
0.05019044876098633
0.03428316116333008
0.0361790657043457
0.03737163543701172
0.043494462966918945
0.03418612480163574
0.04364442825317383
0.03535103797912598
0.040288448333740234
0.03557467460632324
0.04871559143066406
0.03304243087768555
0.04419589042663574
0.03986215591430664
0.03873038291931152
0.037741661071777344
0.04315900802612305
0.03524160385131836
0.04891467094421387
0.03711724281311035
0.044359683990478516
0.03275036811828613
0.04332733154296875
0.033881425857543945
0.04104423522949219
0.037093400955200195
0.037763357162475586
0.03325200080871582
0.05075836181640625
0.03472495079040527
0.04229283332824707
0.0348362922668457
0.048249244689941406
0.03796744346618652
0.04144477844238281
0.03400564193725586
0.04272150993347168
0.03292489051818848
0.03669309616088867
0.03875136375427246
0.035360097885131836
0.038794755935668945
0.039354562759399414
0.03921627998352051
0.033364295959472656
0.03858137130737305
0.03972673416137695
0.037975311279296875
0.03957343101501465
0.03991055488586426
0.032262563705444336
0.037275075912475586
0.039758920669555664
0.039764404296875
0.03523969650268555
0.037226200103759766
0.03513383865356445
0.040463924407958984
0.035117149353027344
0.03623795509338379
0.03901386260986328
0.0381922721862793
0.038014888763427734
0.04305839538574219
0.0345921516418457
0.0388946533203125
0.040621280670166016
0.04084968566894531
0.039382219314575195
0.04272270202636719
0.041443824768066406
0.04302501678466797
0.04408740997314453
0.0439453125
0.03920555114746094
0.04645562171936035
0.029031038284301758
0.03478121757507324
0.04022836685180664
0.03125190734863281
0.0347294807434082
0.02926945686340332
0.032958269119262695
0.041693687438964844
0.02652263641357422
0.04948282241821289
0.03258228302001953
0.02975749969482422
0.035227060317993164
0.026950359344482422
0.02503037452697754
0.04494500160217285
0.04280400276184082
0.04672956466674805
0.04066777229309082
0.039038896560668945
0.03352928161621094
0.043630361557006836
0.054494619369506836
0.03970146179199219
0.04549908638000488
0.03714394569396973
0.04565834999084473
0.058948516845703125
0.047514915466308594
0.058965206146240234
0.050566673278808594
0.05486488342285156
0.05349111557006836
0.06118297576904297
0.06924033164978027
0.05941891670227051
0.06278347969055176
0.05916428565979004
0.046686410903930664
0.04702281951904297
0.062432050704956055
0.05868649482727051
0.06413578987121582
0.06332802772521973
0.06896400451660156
0.056055545806884766
0.0476224422454834
0.048981666564941406
0.04751706123352051
0.03601264953613281
0.03635811805725098
0.04598259925842285
0.04036259651184082
0.04233098030090332
0.03517627716064453
0.0317835807800293
0.03977680206298828
0.03174734115600586
0.038040876388549805
0.03743147850036621
0.032627105712890625
0.03251338005065918
0.0378870964050293
0.029219627380371094
0.04491090774536133
0.05160713195800781
0.041449546813964844
0.041738271713256836
0.050556182861328125
0.04243350028991699
0.04320406913757324
0.05352067947387695
0.03960275650024414
0.04916501045227051
0.06803131103515625
0.029563426971435547
0.02963423728942871
0.029290437698364258
0.040183305740356445
0.03539228439331055
0.0381627082824707
0.03470110893249512
0.03448176383972168
0.034410715103149414
0.039099693298339844
0.03193163871765137
0.036202430725097656
0.04201483726501465
0.04045891761779785
0.02795100212097168
0.037039995193481445
0.03302502632141113
0.03343653678894043
0.03013777732849121
0.03289985656738281
0.02617788314819336
0.0355379581451416
0.030802249908447266
0.035613298416137695
0.039288997650146484
0.0374755859375
0.030139446258544922
0.03920888900756836
0.03777003288269043
0.044883012771606445
0.04321122169494629
0.03755807876586914
0.026357173919677734
0.02858710289001465
0.03780531883239746
0.034404754638671875
0.030254125595092773
0.032611846923828125
0.04199790954589844
0.032894134521484375
0.03477835655212402
0.041780710220336914
0.030865907669067383
0.030474424362182617
0.03305506706237793
0.03026890754699707
0.028000354766845703
0.034757375717163086
0.030579566955566406
0.02927541732788086
0.03203725814819336
0.028129100799560547
0.028319835662841797
0.030736684799194336
0.027477025985717773
0.026370763778686523
0.0294644832611084
0.025335073471069336
0.02817821502685547
0.03072643280029297
0.025053739547729492
0.02783989906311035
0.02888655662536621
0.024975299835205078
0.03338766098022461
0.027275562286376953
0.025366544723510742
0.026217222213745117
0.027903079986572266
0.029323339462280273
0.027311325073242188
0.027198076248168945
0.0260159969329834
0.028398752212524414
0.026335716247558594
0.025927305221557617
0.028639554977416992
0.02812790870666504
0.025376081466674805
0.028427839279174805
0.029773712158203125
0.025696754455566406
0.028282880783081055
0.036730051040649414
0.026226520538330078
0.027126312255859375
0.03346085548400879
0.027175426483154297
0.024428606033325195
0.02559638023376465
0.02730274200439453
0.02760171890258789
0.02991771697998047
0.02674126625061035
0.02491140365600586
0.034236907958984375
0.026232242584228516
0.024373531341552734
0.025454998016357422
0.027055978775024414
0.03520083427429199
0.029183626174926758
0.024557828903198242
0.027850627899169922
0.04153299331665039
0.0240936279296875
0.02850508689880371
0.0278165340423584
0.02605605125427246
0.027306795120239258
0.025318145751953125
0.02698659896850586
0.0298309326171875
0.03024888038635254
0.02450275421142578
0.027704238891601562
0.03842663764953613
0.027753114700317383
0.02547478675842285
0.031435251235961914
0.027113676071166992
0.027705907821655273
0.03294086456298828
0.025667190551757812
0.024785518646240234
0.026464223861694336
0.026875019073486328
0.038007497787475586
0.028840065002441406
0.026421546936035156
0.028463125228881836
0.029114961624145508
0.025846481323242188
0.031157732009887695
0.031592607498168945
0.03314709663391113
0.03734016418457031
0.0343174934387207
0.03895163536071777
0.035825490951538086
0.03343534469604492
0.02453327178955078
0.03319072723388672
0.03982377052307129
0.035063743591308594
0.0694880485534668
0.07314252853393555
0.06688952445983887
0.07157111167907715
0.06699252128601074
0.05245542526245117
0.06607413291931152
0.05738377571105957
0.03463935852050781
0.049427032470703125
0.04255270957946777
0.044029951095581055
0.036377668380737305
0.04469132423400879
0.027132511138916016
0.03312373161315918
0.039818763732910156
0.025846481323242188
0.040650129318237305
0.04435849189758301
0.028690338134765625
0.03900313377380371
0.02751326560974121
0.03286623954772949
0.04032254219055176
0.041768550872802734
0.058120012283325195
0.039266347885131836
0.04978799819946289
0.042649269104003906
0.05260634422302246
0.035059452056884766
0.059957265853881836
0.04422259330749512
0.05099916458129883
0.04502153396606445
0.05581855773925781
0.04703998565673828
0.05772542953491211
0.04912447929382324
0.05594468116760254
0.05062556266784668
0.05445146560668945
0.04526805877685547
0.05800437927246094
0.04745149612426758
0.048056602478027344
0.03977847099304199
0.0492405891418457
0.0349125862121582
0.061116933822631836
0.037160396575927734
0.049414634704589844
0.03842306137084961
0.04914045333862305
0.043326377868652344
0.04730510711669922
0.03898048400878906
0.048254966735839844
0.03638768196105957
0.0518033504486084
0.039298057556152344
0.046762704849243164
0.03524422645568848
0.045684099197387695
0.03839540481567383
0.04772520065307617
0.04777717590332031
0.051593780517578125
0.0422053337097168
0.05535006523132324
0.0412135124206543
0.05059814453125
0.04137587547302246
0.05164456367492676
0.041589975357055664
0.053025007247924805
0.04189300537109375
0.05151247978210449
0.0353848934173584
0.05036425590515137
0.03825116157531738
0.06391334533691406
0.05004477500915527
0.041588544845581055
0.06012773513793945
0.04227161407470703
0.04053211212158203
0.05825233459472656
0.03607010841369629
0.05818986892700195
0.05091500282287598
0.04075813293457031
0.0509333610534668
0.05859827995300293
0.039252281188964844
0.05040764808654785
0.03420114517211914
0.053461313247680664
0.03565502166748047
0.058205604553222656
0.03676915168762207
0.05234193801879883
0.0362703800201416
0.04256772994995117
0.035094261169433594
0.056550025939941406
0.036428213119506836
0.058249473571777344
0.03505682945251465
0.056116342544555664
0.03886771202087402
0.05081319808959961
0.0354769229888916
0.05835318565368652
0.03482413291931152
0.057997941970825195
0.03576159477233887
0.057993173599243164
0.03435468673706055
0.061162710189819336
0.03682518005371094
0.04971194267272949
0.039785146713256836
0.05072021484375
0.03986930847167969
0.04810452461242676
0.04167437553405762
0.05101513862609863
0.03192424774169922
0.0530543327331543
0.04178929328918457
0.04955124855041504
0.03981328010559082
0.05148625373840332
0.03990316390991211
0.0517122745513916
0.043151140213012695
0.05353879928588867
0.042680978775024414
0.05486941337585449
0.04356789588928223
0.046448469161987305
0.03846025466918945
0.04623603820800781
0.03733396530151367
0.04781627655029297
0.03462576866149902
0.04836225509643555
0.036779165267944336
0.04309439659118652
0.034442901611328125
0.04755830764770508
0.03241252899169922
0.03793215751647949
0.037206411361694336
0.046938419342041016
0.03954625129699707
0.05126380920410156
0.04330754280090332
0.04839205741882324
0.041219472885131836
0.04709577560424805
0.044159889221191406
0.050800323486328125
0.040924072265625
0.05181384086608887
0.04697275161743164
0.05845212936401367
0.06728959083557129
0.06576371192932129
0.06508326530456543
0.059842824935913086
0.0656747817993164
0.06287240982055664
0.05098867416381836
0.06116342544555664
0.04762411117553711
0.0579531192779541
0.05700063705444336
0.05183887481689453
0.0658879280090332
0.0659797191619873
0.0649104118347168
0.07247066497802734
0.06686520576477051
0.06771969795227051
0.06397151947021484
0.06336593627929688
0.04258894920349121
0.04697060585021973
0.038362979888916016
0.04506397247314453
0.035614728927612305
0.04462289810180664
0.032456159591674805
0.03846001625061035
0.03384995460510254
0.04314732551574707
0.032941579818725586
0.04774951934814453
0.031987667083740234
0.03988814353942871
0.0329592227935791
0.0559389591217041
0.04763484001159668
0.05189800262451172
0.04604673385620117
0.050867319107055664
0.04741048812866211
0.05627322196960449
0.0475153923034668
0.05136847496032715
0.045951128005981445
0.03928661346435547
0.04401969909667969
0.04638862609863281
0.04837846755981445
0.04649996757507324
0.03950238227844238
0.03847622871398926
0.04220771789550781
0.0406796932220459
0.031516313552856445
0.05362653732299805
0.04130363464355469
0.03716158866882324
0.03957486152648926
0.03577423095703125
0.02727341651916504
0.03605937957763672
0.030419111251831055
0.022051095962524414
0.03343796730041504
0.03194427490234375
0.028940916061401367
0.032384634017944336
0.036986351013183594
0.025473833084106445
0.035669803619384766
0.03435850143432617
0.02731490135192871
0.039057254791259766
0.03209233283996582
0.028791189193725586
0.03659176826477051
0.03315329551696777
0.027978181838989258
0.04121232032775879
0.033609867095947266
0.02631378173828125
0.037046194076538086
0.040732383728027344
0.028571367263793945
0.03598785400390625
0.032091617584228516
0.027700424194335938
0.03838944435119629
0.03192329406738281
0.027588367462158203
0.03825712203979492
0.029488325119018555
0.024074554443359375
0.03665423393249512
0.03743410110473633
0.02480483055114746
0.03602480888366699
0.03267645835876465
0.023992061614990234
0.029473066329956055
0.03851461410522461
0.026800155639648438
0.02869439125061035
0.04111123085021973
0.022652626037597656
0.03616905212402344
0.03243446350097656
0.025580644607543945
0.043993473052978516
0.03372001647949219
0.023992300033569336
0.03462505340576172
0.03299427032470703
0.02448558807373047
0.029764175415039062
0.02776813507080078
0.03048992156982422
0.030155181884765625
0.02708268165588379
0.03456521034240723
0.03590130805969238
0.027530431747436523
0.03531193733215332
0.03155779838562012
0.029353857040405273
0.0239560604095459
0.030678272247314453
0.04033708572387695
0.02220940589904785
0.031084775924682617
0.03259134292602539
0.025579214096069336
0.03782534599304199
0.029135704040527344
0.026010513305664062
0.03973102569580078
0.02981090545654297
0.026235103607177734
0.032120704650878906
0.029413700103759766
0.029323339462280273
0.03876519203186035
0.030655860900878906
0.025508880615234375
0.031206369400024414
0.02933812141418457
0.02552175521850586
0.042435646057128906
0.028482913970947266
0.0258786678314209
0.03615760803222656
0.028784513473510742
0.027182817459106445
0.03471684455871582
0.02659749984741211
0.028634309768676758
0.029002904891967773
0.02908015251159668
0.02557539939880371
0.03512763977050781
0.02910590171813965
0.02530360221862793
0.04328417778015137
0.030102014541625977
0.02863907814025879
0.03309297561645508
0.027261734008789062
0.027463912963867188
0.038607120513916016
0.029584884643554688
0.027578353881835938
0.0356593132019043
0.027364253997802734
0.03926205635070801
0.03184032440185547
0.041412353515625
0.02592158317565918
0.03588080406188965
0.02866959571838379
0.023550748825073242
0.03467106819152832
0.03084874153137207
0.025531530380249023
0.03431558609008789
0.033565521240234375
0.02515864372253418
0.03395652770996094
0.03109431266784668
0.022977352142333984
0.03369927406311035
0.029567480087280273
0.024842262268066406
0.03601861000061035
0.03225111961364746
0.025302886962890625
0.0337674617767334
0.03464627265930176
0.021990060806274414
0.0334010124206543
0.038536787033081055
0.028089523315429688
0.037978172302246094
0.0355839729309082
0.02992081642150879
0.0462040901184082
0.04330849647521973
0.04035639762878418
0.046133995056152344
0.03937172889709473
0.029233217239379883
0.05344533920288086
0.05448126792907715
0.0477750301361084
0.05196189880371094
0.04412031173706055
0.041780948638916016
0.030595779418945312
0.03877735137939453
0.03062915802001953
0.03422403335571289
0.04870438575744629
0.03529214859008789
0.055470943450927734
0.03065800666809082
0.030795812606811523
0.03800845146179199
0.0320582389831543
0.03110980987548828
0.034314870834350586
0.02677631378173828
0.028458833694458008
0.03865814208984375
0.02956223487854004
0.030151844024658203
0.03529977798461914
0.0266571044921875
0.03038191795349121
0.03249788284301758
0.03214216232299805
0.029556751251220703
0.03714394569396973
0.035102128982543945
0.04253125190734863
0.0397794246673584
0.03618264198303223
0.031989336013793945
0.04108309745788574
0.0417637825012207
0.041962385177612305
0.04372763633728027
0.044463396072387695
0.042919158935546875
0.044795989990234375
0.04469609260559082
0.053362369537353516
0.06256818771362305
0.05218100547790527
0.045816898345947266
0.05826759338378906
0.04340672492980957
0.06043577194213867
0.05069732666015625
0.06394004821777344
0.05433392524719238
0.06265640258789062
0.05604386329650879
0.032563209533691406
0.05145072937011719
0.03318476676940918
0.04480147361755371
0.03999662399291992
0.038160085678100586
0.030287504196166992
0.04577922821044922
0.04334902763366699
0.035286903381347656
0.040723562240600586
0.04943656921386719
0.033400535583496094
0.044278621673583984
0.04094552993774414
0.0417017936706543
0.04436326026916504
0.044354915618896484
0.03096795082092285
0.04329061508178711
0.041121721267700195
0.04362678527832031
0.04336237907409668
0.04147696495056152
0.03295540809631348
0.04311490058898926
0.045098066329956055
0.04233121871948242
0.04453921318054199
0.04314565658569336
0.03151106834411621
0.045209407806396484
0.041344642639160156
0.03859591484069824
0.044991493225097656
0.042291879653930664
0.03424882888793945
0.0433192253112793
0.03759026527404785
0.04095768928527832
0.04480767250061035
0.03875613212585449
0.03266644477844238
0.04111838340759277
0.03829169273376465
0.03716325759887695
0.04057121276855469
0.03992199897766113
0.03278064727783203
0.044861555099487305
0.034576416015625
0.04625296592712402
0.039116621017456055
0.03976559638977051
0.02899956703186035
0.043665170669555664
0.04109954833984375
0.037286996841430664
0.040055036544799805
0.03971457481384277
0.03356671333312988
0.04257392883300781
0.034848928451538086
0.03523683547973633
0.041329383850097656
0.04023933410644531
0.03247714042663574
0.04645848274230957
0.04102969169616699
0.04073309898376465
0.04235720634460449
0.04684114456176758
0.034893035888671875
0.051123857498168945
0.03436732292175293
0.04608011245727539
0.03573918342590332
